       [48;2;0;0;0m[39m▄[48;2;134;27;45m[39m▄[38;2;0;0;0m[48;2;218;44;62m▀▀▀▀▀▀[48;2;134;27;45m[39m▄[48;2;0;0;0m[39m▄[0m       [0m
       [38;2;0;0;0m[48;2;0;0;0m▀[38;2;255;230;62m▀[48;2;255;230;62m▀[38;2;218;44;62m[48;2;0;0;0m▀▀▀▀▀▀[38;2;0;0;0m▀[0m       [0m
[48;2;0;0;0m[39m▄[38;2;0;0;0m[48;2;218;44;62m▀▀▀▀▀[48;2;0;0;0m▀[48;2;218;44;62m▀[38;2;218;44;62m▀[38;2;0;0;0m▀▀▀▀▀▀[38;2;218;44;62m▀[38;2;0;0;0m▀[48;2;0;0;0m▀[48;2;218;44;62m▀▀▀▀▀[48;2;0;0;0m[39m▄[0m
[38;2;0;0;0m[48;2;0;0;0m▀[38;2;134;27;45m[48;2;218;44;62m▀[38;2;218;44;62m[48;2;134;27;45m▀▀▀[48;2;0;0;0m▀[38;2;0;0;0m[48;2;134;27;45m▀[38;2;134;27;45m[48;2;218;44;62m▀[38;2;218;44;62m▀▀▀▀▀▀▀▀[38;2;134;27;45m▀[38;2;0;0;0m[48;2;134;27;45m▀[38;2;218;44;62m[48;2;0;0;0m▀[48;2;134;27;45m▀▀▀[38;2;134;27;45m[48;2;218;44;62m▀[38;2;0;0;0m[48;2;0;0;0m▀[0m
 [38;2;0;0;0m[48;2;0;0;0m▀[38;2;218;44;62m[48;2;218;44;62m▀▀▀[38;2;0;0;0m[48;2;0;0;0m▀[38;2;218;44;62m[48;2;218;44;62m▀▀▀▀[48;2;134;27;45m▀[48;2;218;44;62m▀▀▀[48;2;134;27;45m▀[48;2;218;44;62m▀▀▀[38;2;0;0;0m[48;2;0;0;0m▀[38;2;218;44;62m[48;2;218;44;62m▀▀▀[38;2;0;0;0m[48;2;0;0;0m▀[0m [0m
 [38;2;0;0;0m[48;2;0;0;0m▀[38;2;134;27;45m[48;2;218;44;62m▀[38;2;218;44;62m[48;2;134;27;45m▀[48;2;0;0;0m▀[38;2;0;0;0m[48;2;218;44;62m▀[38;2;218;44;62m▀▀[48;2;134;27;45m▀[38;2;220;220;212m[48;2;43;6;18m▀[38;2;134;27;45m[48;2;134;27;45m▀[38;2;218;44;62m[48;2;218;44;62m▀▀[38;2;134;27;45m[48;2;134;27;45m▀[38;2;220;220;212m[48;2;43;6;18m▀[38;2;134;27;45m[48;2;134;27;45m▀[38;2;218;44;62m[48;2;218;44;62m▀▀[38;2;0;0;0m[48;2;0;0;0m▀[38;2;218;44;62m[48;2;134;27;45m▀▀[38;2;134;27;45m[48;2;218;44;62m▀[38;2;0;0;0m[48;2;0;0;0m▀[0m [0m
  [38;2;0;0;0m[48;2;0;0;0m▀[38;2;218;44;62m[48;2;218;44;62m▀[48;2;0;0;0m▀[38;2;0;0;0m▀[38;2;134;27;45m[48;2;91;30;45m▀[38;2;218;44;62m[48;2;134;27;45m▀[38;2;220;220;212m[48;2;220;220;212m▀[38;2;43;6;18m[48;2;134;27;45m▀[38;2;220;220;212m[48;2;220;220;212m▀[38;2;218;44;62m▀▀[38;2;220;220;212m▀[38;2;43;6;18m[48;2;134;27;45m▀[38;2;220;220;212m[48;2;220;220;212m▀[38;2;218;44;62m[48;2;134;27;45m▀[38;2;134;27;45m[48;2;91;30;45m▀[38;2;218;44;62m[48;2;0;0;0m▀[38;2;0;0;0m▀[38;2;218;44;62m[48;2;218;44;62m▀[38;2;0;0;0m[48;2;0;0;0m▀[0m  [0m
   [38;2;0;0;0m[49m▀[0m  [38;2;0;0;0m[48;2;0;0;0m▀[38;2;91;30;45m▀[48;2;135;135;135m▀[38;2;220;220;212m[48;2;116;34;41m▀[48;2;0;0;0m▀[48;2;135;135;135m▀▀[48;2;0;0;0m▀[48;2;116;34;41m▀[38;2;91;30;45m[48;2;135;135;135m▀[48;2;0;0;0m▀[38;2;0;0;0m▀[0m  [38;2;0;0;0m[49m▀[0m   [0m
      [38;2;0;0;0m[48;2;0;0;0m▀[38;2;134;180;211m[48;2;255;255;255m▀[38;2;255;255;255m[48;2;134;180;211m▀[38;2;218;44;62m[48;2;218;44;62m▀[38;2;134;180;211m[48;2;255;255;255m▀[38;2;255;255;255m[48;2;0;0;0m▀▀[38;2;134;180;211m[48;2;134;180;211m▀[38;2;218;44;62m[48;2;218;44;62m▀[38;2;255;255;255m[48;2;255;255;255m▀[38;2;134;180;211m[48;2;134;180;211m▀[38;2;0;0;0m[48;2;0;0;0m▀[0m      [0m
     [48;2;0;0;0m[39m▄[38;2;0;0;0m[48;2;134;180;211m▀[38;2;255;255;255m[48;2;255;255;255m▀[38;2;134;180;211m[48;2;134;180;211m▀[38;2;218;44;62m[48;2;218;44;62m▀[38;2;255;255;255m[48;2;255;255;255m▀[38;2;0;0;0m[48;2;0;0;0m▀▀[38;2;134;180;211m[48;2;134;180;211m▀[38;2;218;44;62m[48;2;218;44;62m▀[38;2;255;230;62m[48;2;255;255;255m▀[48;2;134;180;211m▀[38;2;0;0;0m[48;2;255;255;255m▀[48;2;0;0;0m[39m▄[0m     [0m
     [38;2;0;0;0m[49m▀[38;2;134;180;211m[49m▀[38;2;255;255;255m[49m▀[38;2;134;180;211m[49m▀[38;2;218;44;62m[49m▀[38;2;255;255;255m[49m▀[38;2;0;0;0m[49m▀[49m▀[38;2;134;180;211m[49m▀[38;2;218;44;62m[49m▀[38;2;255;255;255m[49m▀[38;2;134;180;211m[49m▀[38;2;255;255;255m[49m▀[38;2;0;0;0m[49m▀[0m     [0m
